"Time (ps)"	"Channel 1 - Count rate (counts/s)"	"Channel 2 - Count rate (counts/s)"
0	0	0
20000000000	0	0
40000000000	50	100
60000000000	0	50
80000000000	0	50
100000000000	0	0
120000000000	0	50
140000000000	0	0
160000000000	0	0
180000000000	50	0
200000000000	0	0
220000000000	0	0
240000000000	0	50
260000000000	0	0
280000000000	50	0
300000000000	0	50
320000000000	0	0
340000000000	0	0
360000000000	50	0
380000000000	0	0
400000000000	0	50
420000000000	0	0
440000000000	0	50
460000000000	100	50
480000000000	50	0
500000000000	0	0
520000000000	0	0
540000000000	0	0
560000000000	0	50
580000000000	0	150
600000000000	0	0
620000000000	50	0
640000000000	0	100
660000000000	50	50
680000000000	0	0
700000000000	50	0
720000000000	0	0
740000000000	0	50
760000000000	0	50
780000000000	50	0
800000000000	0	0
820000000000	0	0
840000000000	50	0
860000000000	0	0
880000000000	0	0
900000000000	0	0
920000000000	0	0
940000000000	0	0
960000000000	0	0
980000000000	0	0
1000000000000	0	0
1020000000000	50	100
1040000000000	0	0
1060000000000	0	0
1080000000000	0	0
1100000000000	50	0
1120000000000	50	0
1140000000000	0	0
1160000000000	0	0
1180000000000	100	0
1200000000000	0	50
1220000000000	0	0
1240000000000	0	0
1260000000000	0	50
1280000000000	0	0
1300000000000	100	0
1320000000000	100	0
1340000000000	0	50
1360000000000	0	50
1380000000000	0	0
1400000000000	0	0
1420000000000	100	0
1440000000000	0	0
1460000000000	0	0
1480000000000	0	50
1500000000000	100	0
1520000000000	50	50
1540000000000	0	50
1560000000000	50	0
1580000000000	50	50
1600000000000	0	0
1620000000000	50	0
1640000000000	0	50
1660000000000	0	0
1680000000000	0	0
1700000000000	0	0
1720000000000	0	50
1740000000000	0	0
1760000000000	50	0
1780000000000	0	0
1800000000000	0	0
1820000000000	0	50
1840000000000	0	0
1860000000000	0	50
1880000000000	0	50
1900000000000	0	0
1920000000000	0	0
1940000000000	50	0
1960000000000	0	0
1980000000000	0	0
2000000000000	0	50
2020000000000	0	100
2040000000000	0	0
2060000000000	0	0
2080000000000	0	0
2100000000000	0	0
2120000000000	0	50
2140000000000	0	50
2160000000000	0	0
2180000000000	0	0
2200000000000	0	50
2220000000000	50	0
2240000000000	50	0
2260000000000	50	0
2280000000000	0	0
2300000000000	0	0
2320000000000	50	0
2340000000000	0	0
2360000000000	0	0
2380000000000	50	0
2400000000000	0	0
2420000000000	0	0
2440000000000	0	0
2460000000000	0	0
2480000000000	50	0
2500000000000	50	50
2520000000000	0	0
2540000000000	0	0
2560000000000	0	0
2580000000000	50	0
2600000000000	0	0
2620000000000	50	0
2640000000000	0	50
2660000000000	0	0
2680000000000	0	0
2700000000000	0	0
2720000000000	0	0
2740000000000	0	0
2760000000000	50	0
2780000000000	0	0
2800000000000	0	0
2820000000000	0	0
2840000000000	0	0
2860000000000	0	0
2880000000000	0	0
2900000000000	0	0
2920000000000	0	50
2940000000000	0	0
2960000000000	0	0
2980000000000	50	0
3000000000000	0	0
3020000000000	50	100
3040000000000	0	0
3060000000000	50	0
3080000000000	0	0
3100000000000	0	0
3120000000000	50	0
3140000000000	100	0
3160000000000	0	0
3180000000000	0	0
3200000000000	50	0
3220000000000	0	0
3240000000000	0	0
3260000000000	0	100
3280000000000	50	0
3300000000000	50	50
3320000000000	0	0
3340000000000	0	0
3360000000000	0	0
3380000000000	496200	657150
3400000000000	660800	877850
3420000000000	651850	859050
3440000000000	643400	849400
3460000000000	666250	877250
3480000000000	655100	871450
3500000000000	676450	871450
3520000000000	665100	886500
3540000000000	666800	892550
3560000000000	667600	879600
3580000000000	677950	879150
3600000000000	668850	882600
3620000000000	671750	895400
3640000000000	663750	864050
3660000000000	669850	869750
3680000000000	651700	857750
3700000000000	666550	874850
3720000000000	650350	858800
3740000000000	684550	884750
3760000000000	646950	860500
3780000000000	662550	869250
3800000000000	659050	851900
3820000000000	650400	875750
3840000000000	647400	848900
3860000000000	662850	859700
3880000000000	635200	847900
3900000000000	659950	858950
3920000000000	658250	869300
3940000000000	663350	878250
3960000000000	658350	857900
3980000000000	657850	875800
4000000000000	675200	881800
4020000000000	675100	903300
4040000000000	682000	900050
4060000000000	680250	878950
4080000000000	673800	883650
4100000000000	659900	878050
4120000000000	658700	891100
4140000000000	653000	868800
4160000000000	656900	863100
4180000000000	660150	871800
4200000000000	668750	881800
4220000000000	677050	902500
4240000000000	659650	879800
4260000000000	668250	884300
4280000000000	655400	879750
4300000000000	676600	892100
4320000000000	655200	880600
4340000000000	666450	892800
4360000000000	650600	879500
4380000000000	659050	875400
4400000000000	659400	863800
4420000000000	672100	889800
4440000000000	661900	886700
4460000000000	646350	852200
4480000000000	631750	834250
4500000000000	653950	863700
4520000000000	661400	883650
4540000000000	670850	878800
4560000000000	659050	872150
4580000000000	647200	856250
4600000000000	657750	868650
4620000000000	657000	863750
4640000000000	668000	871900
4660000000000	663750	864300
4680000000000	672500	880600
4700000000000	661650	881450
4720000000000	682000	885800
4740000000000	677900	898250
4760000000000	677150	888650
4780000000000	675650	889100
4800000000000	653900	877300
4820000000000	674200	882100
4840000000000	640350	824300
4860000000000	636100	844450
4880000000000	677400	876500
4900000000000	667100	868600
4920000000000	637600	839200
4940000000000	653800	856200
4960000000000	648700	871400
4980000000000	670950	879500
5000000000000	673000	898500
5020000000000	658450	867900
5040000000000	666700	888900
5060000000000	671900	873050
5080000000000	652700	872300
5100000000000	667250	876350
5120000000000	665400	867950
5140000000000	652700	868450
5160000000000	663300	872000
5180000000000	661500	867000
5200000000000	637350	849000
5220000000000	670250	887600
5240000000000	666000	864700
5260000000000	662700	863400
5280000000000	672650	878300
5300000000000	669350	873000
5320000000000	655500	858600
5340000000000	659150	865250
5360000000000	653850	860200
5380000000000	637100	849500
5400000000000	639350	841950
5420000000000	658200	868000
5440000000000	635850	859350
5460000000000	654900	867400
5480000000000	651700	869200
5500000000000	677400	880950
5520000000000	658850	886750
5540000000000	673800	893550
5560000000000	674250	897550
5580000000000	668400	883150
5600000000000	671100	872750
5620000000000	677350	881700
5640000000000	667750	872050
5660000000000	654450	850200
5680000000000	659000	861050
5700000000000	660900	864850
5720000000000	662050	875950
5740000000000	653950	877900
5760000000000	663550	874750
5780000000000	652200	856100
5800000000000	661400	865300
5820000000000	664200	859500
5840000000000	667650	894400
5860000000000	646050	868900
5880000000000	660900	863350
5900000000000	644300	849350
5920000000000	662150	878250
5940000000000	681700	901000
5960000000000	673800	869450
5980000000000	667850	886000
6000000000000	673950	868000
6020000000000	662600	876550
6040000000000	673100	882250
6060000000000	663050	875600
6080000000000	666550	880350
6100000000000	651950	853600
6120000000000	663400	869300
6140000000000	651850	849800
6160000000000	657200	859900
6180000000000	653400	874300
6200000000000	654850	861550
6220000000000	657050	882600
6240000000000	666100	873500
6260000000000	666900	878500
6280000000000	669000	874050
6300000000000	670850	880600
6320000000000	677550	887200
6340000000000	667150	881550
6360000000000	656700	867200
6380000000000	649900	858050
6400000000000	655200	858000
6420000000000	642700	856600
6440000000000	653750	863900
6460000000000	666650	882050
6480000000000	659400	884000
6500000000000	651850	871900
6520000000000	668850	879350
6540000000000	664750	883500
6560000000000	676250	873900
6580000000000	669750	880850
6600000000000	670700	878800
6620000000000	663950	868450
6640000000000	662850	873800
6660000000000	663100	876750
6680000000000	678400	901250
6700000000000	671700	895400
6720000000000	677150	880300
6740000000000	680350	896600
6760000000000	675250	890150
6780000000000	676250	885950
6800000000000	688300	902250
6820000000000	686300	898950
6840000000000	691400	911150
6860000000000	674750	878850
6880000000000	660150	882450
6900000000000	664400	883400
6920000000000	665250	884600
6940000000000	660150	872800
6960000000000	667000	888700
6980000000000	673300	886600
7000000000000	677300	875900
7020000000000	685950	896500
7040000000000	687900	907900
7060000000000	684250	904900
7080000000000	685000	890550
7100000000000	674600	886200
7120000000000	681500	897000
7140000000000	659450	886650
7160000000000	671100	883450
7180000000000	653550	875400
7200000000000	649950	859350
7220000000000	641350	846950
7240000000000	671250	874400
7260000000000	656750	877550
7280000000000	653700	876300
7300000000000	671350	861500
7320000000000	663400	856650
7340000000000	672650	879850
7360000000000	666800	890750
7380000000000	669050	881350
7400000000000	685250	894000
7420000000000	698600	911550
7440000000000	676850	880000
7460000000000	664450	880950
7480000000000	669000	885450
7500000000000	673600	887250
7520000000000	665450	892650
7540000000000	672800	885700
7560000000000	654700	878600
7580000000000	673450	880850
7600000000000	663550	874300
7620000000000	661450	871500
7640000000000	658000	866950
7660000000000	636800	847150
7680000000000	647700	862250
7700000000000	648950	861350
7720000000000	666500	875500
7740000000000	653350	866750
7760000000000	665550	890550
7780000000000	667550	880650
7800000000000	676100	888250
7820000000000	659400	867300
7840000000000	664750	878900
7860000000000	657650	885800
7880000000000	668950	878800
7900000000000	667450	890150
7920000000000	635250	833600
7940000000000	674350	871950
7960000000000	668700	888450
7980000000000	669100	889150
8000000000000	687100	889750
8020000000000	651050	870350
8040000000000	668200	882700
8060000000000	661600	864600
8080000000000	662050	858100
8100000000000	681100	898350
8120000000000	671300	883700
8140000000000	657500	864450
8160000000000	642200	845350
8180000000000	659400	868450
8200000000000	669650	884000
8220000000000	680400	886550
8240000000000	635850	856700
8260000000000	690200	915100
8280000000000	692700	902250
8300000000000	658550	863250
8320000000000	676550	883350
8340000000000	664700	879200
8360000000000	643250	845300
8380000000000	639500	845450
8400000000000	637000	842300
8420000000000	635450	849700
8440000000000	660550	866900
8460000000000	642950	859900
8480000000000	653150	852700
8500000000000	654600	864250
8520000000000	681950	905800
8540000000000	665250	863300
8560000000000	673900	894800
8580000000000	672100	896450
8600000000000	673200	898200
8620000000000	655650	876850
8640000000000	661150	871300
8660000000000	668600	878000
8680000000000	659200	869750
8700000000000	662800	847400
8720000000000	681650	877050
8740000000000	684300	898800
8760000000000	671150	888850
8780000000000	670800	899900
8800000000000	656350	877000
8820000000000	660800	872850
8840000000000	665150	876700
8860000000000	672650	872450
8880000000000	667250	884800
8900000000000	667100	874950
8920000000000	658150	885550
8940000000000	682850	883750
8960000000000	675100	875350
8980000000000	669050	877600
9000000000000	669400	876450
9020000000000	663500	876250
9040000000000	676500	892250
9060000000000	682650	899450
9080000000000	657800	873750
9100000000000	659700	859900
9120000000000	643600	875350
9140000000000	656950	862100
9160000000000	654200	866700
9180000000000	650250	857400
9200000000000	651050	867250
9220000000000	653900	875250
9240000000000	662950	875250
9260000000000	660050	876350
9280000000000	683700	896700
9300000000000	662450	873700
9320000000000	661900	874500
9340000000000	673950	883300
9360000000000	669750	884900
9380000000000	680850	904650
9400000000000	681400	893250
9420000000000	649450	870650
9440000000000	671200	873700
9460000000000	659650	862000
9480000000000	678400	903400
9500000000000	664200	888550
9520000000000	665450	856700
9540000000000	662900	872750
9560000000000	664300	870400
9580000000000	656850	870350
9600000000000	654750	874700
9620000000000	652350	871600
9640000000000	650600	878750
9660000000000	647400	872150
9680000000000	678350	893850
9700000000000	662300	883150
9720000000000	678400	900350
9740000000000	673050	886050
9760000000000	658100	863500
9780000000000	662100	878750
9800000000000	657800	882250
9820000000000	645350	880400
9840000000000	666450	871600
9860000000000	653950	846100
9880000000000	653900	866650
9900000000000	661700	865100
9920000000000	644400	864050
9940000000000	648950	848800
9960000000000	649300	864200
9980000000000	653400	855550
10000000000000	649550	867100
10020000000000	670100	877450
10040000000000	669050	871750
10060000000000	664450	880800
10080000000000	662100	872000
10100000000000	672900	879650
10120000000000	677300	883350
10140000000000	669950	897450
10160000000000	666950	897350
10180000000000	668500	889950
10200000000000	664750	884400
10220000000000	659450	876650
10240000000000	659600	879300
10260000000000	666500	878500
10280000000000	674800	875850
10300000000000	677150	897350
10320000000000	675500	892450
10340000000000	653900	865950
10360000000000	670950	888450
10380000000000	661150	852200
10400000000000	684300	906350
10420000000000	676650	883000
10440000000000	679500	895850
10460000000000	667850	876600
10480000000000	669200	875050
10500000000000	680500	898550
10520000000000	675450	889350
10540000000000	669450	890150
10560000000000	687550	914450
10580000000000	660250	877200
10600000000000	658400	877300
10620000000000	661850	880750
10640000000000	640600	859450
10660000000000	665700	897050
10680000000000	659700	861650
10700000000000	654300	864400
10720000000000	662300	873750
10740000000000	667850	877100
10760000000000	662250	893200
10780000000000	673550	883100
10800000000000	663700	880000
10820000000000	677950	888650
10840000000000	664000	885700
10860000000000	682300	886450
10880000000000	667200	886450
10900000000000	654050	879600
10920000000000	664150	877700
10940000000000	664050	874800
10960000000000	680300	884900
10980000000000	678900	892400
11000000000000	690500	890050
11020000000000	676550	896300
11040000000000	661100	872350
11060000000000	657700	879150
11080000000000	660150	861800
11100000000000	668000	882950
11120000000000	669450	880600
11140000000000	636500	847700
11160000000000	645250	864900
11180000000000	667900	871300
11200000000000	658300	872750
11220000000000	667750	880500
11240000000000	645950	863800
11260000000000	679700	899100
11280000000000	670100	893850
11300000000000	676050	904700
11320000000000	669400	883650
11340000000000	678400	899400
11360000000000	644450	857800
11380000000000	655800	875800
11400000000000	661500	876000
11420000000000	645850	868000
11440000000000	664150	875000
11460000000000	652500	871850
11480000000000	673950	878300
11500000000000	679050	891100
11520000000000	684200	904350
11540000000000	678050	896200
11560000000000	669500	883750
11580000000000	671750	876000
11600000000000	684600	903300
11620000000000	685550	909250
11640000000000	664100	884750
11660000000000	675250	882400
11680000000000	678700	909150
11700000000000	681650	906400
11720000000000	693000	897000
11740000000000	665400	893550
11760000000000	659600	887100
11780000000000	673550	885700
11800000000000	660500	877500
11820000000000	663950	873700
11840000000000	657750	872250
11860000000000	648250	871300
11880000000000	650650	864900
11900000000000	647400	849050
11920000000000	657900	853200
11940000000000	649300	853750
11960000000000	668300	879150
11980000000000	655400	874950
12000000000000	647350	847000
12020000000000	657350	880450
12040000000000	666400	878500
12060000000000	689800	887000
12080000000000	673400	883250
12100000000000	666100	871800
12120000000000	687200	884800
12140000000000	655350	881750
12160000000000	678500	871450
12180000000000	653850	883900
12200000000000	653400	866150
12220000000000	655100	872300
12240000000000	675050	892950
12260000000000	671150	894200
12280000000000	661050	875400
12300000000000	669900	886000
12320000000000	671450	886300
12340000000000	675500	881300
12360000000000	679500	884650
12380000000000	675250	891450
12400000000000	663300	876150
12420000000000	668150	882750
12440000000000	655750	872350
12460000000000	661250	877000
12480000000000	666350	870650
12500000000000	666550	885100
12520000000000	660400	881150
12540000000000	669700	891450
12560000000000	662500	869850
12580000000000	667250	867350
12600000000000	663050	882650
12620000000000	673250	868000
12640000000000	654850	862150
12660000000000	662600	865750
12680000000000	666650	876550
12700000000000	671000	886700
12720000000000	668050	883650
12740000000000	674050	900300
12760000000000	670750	888700
12780000000000	678100	904450
12800000000000	680800	892150
12820000000000	686950	895650
12840000000000	673750	891500
12860000000000	678000	888350
12880000000000	661450	870050
12900000000000	671550	879700
12920000000000	673100	870700
12940000000000	662700	879900
12960000000000	681850	880050
12980000000000	680900	892700
13000000000000	673650	898350
13020000000000	669900	890150
13040000000000	685200	888050
13060000000000	670400	878700
13080000000000	652000	870650
13100000000000	673400	883850
13120000000000	657550	873200
13140000000000	664200	883100
13160000000000	665500	867550
13180000000000	661750	864950
13200000000000	673700	877900
13220000000000	675100	868700
13240000000000	666200	876850
13260000000000	681600	873200
13280000000000	667450	880050
13300000000000	661250	878900
13320000000000	659100	871750
13340000000000	671900	873900
13360000000000	654050	871350
13380000000000	648050	854000
13400000000000	655600	868700
13420000000000	653250	856400
13440000000000	654800	865500
13460000000000	677800	877000
13480000000000	675150	886300
13500000000000	680400	886300
13520000000000	689250	884150
13540000000000	670800	885250
13560000000000	654950	876200
13580000000000	665600	888200
13600000000000	669750	895700
13620000000000	685500	900300
13640000000000	667800	876200
13660000000000	673000	885050
13680000000000	664550	878700
13700000000000	678400	889500
13720000000000	681850	902400
13740000000000	673950	891250
13760000000000	680950	894050
13780000000000	683050	899950
13800000000000	675600	899250
13820000000000	675900	898050
13840000000000	663750	878050
13860000000000	658100	866400
13880000000000	668250	887950
13900000000000	658500	880700
13920000000000	672450	883800
13940000000000	664400	885300
13960000000000	654750	875550
13980000000000	658750	887500
14000000000000	667700	875450
14020000000000	671900	878700
14040000000000	670950	888950
14060000000000	671950	897250
14080000000000	673800	883050
14100000000000	656800	869150
14120000000000	675550	882650
14140000000000	643600	862800
14160000000000	658650	872150
14180000000000	682150	885300
14200000000000	684200	895600
14220000000000	675000	916350
14240000000000	686450	906500
14260000000000	669950	898850
14280000000000	672300	889200
14300000000000	663300	896400
14320000000000	663850	894250
14340000000000	677150	901550
14360000000000	666100	880250
14380000000000	678450	898000
14400000000000	666000	872650
14420000000000	675650	887200
14440000000000	668000	859500
14460000000000	672450	882400
14480000000000	677400	895350
14500000000000	659200	876500
14520000000000	666400	894850
14540000000000	675600	875600
14560000000000	676450	895200
14580000000000	665350	871850
14600000000000	672150	896300
14620000000000	674050	893200
14640000000000	668950	884550
14660000000000	667450	877700
14680000000000	660050	887850
14700000000000	666900	890550
14720000000000	686700	891300
14740000000000	657350	889300
14760000000000	662800	890150
14780000000000	662750	892700
14800000000000	682000	906650
14820000000000	667400	889600
14840000000000	661750	869900
14860000000000	651850	857150
14880000000000	664400	875850
14900000000000	659650	866850
14920000000000	661250	858200
14940000000000	652800	872250
14960000000000	641250	872450
14980000000000	662650	865200
15000000000000	677700	886450
15020000000000	676000	891450
15040000000000	672400	896000
15060000000000	666650	898050
15080000000000	689800	907450
15100000000000	678400	895850
15120000000000	689350	908450
15140000000000	679450	898700
15160000000000	671000	895250
15180000000000	691050	893250
15200000000000	688400	892400
15220000000000	666800	879750
15240000000000	677600	897950
15260000000000	676900	902900
15280000000000	685700	894700
15300000000000	682150	901550
15320000000000	673500	887150
15340000000000	669650	880150
15360000000000	671700	884000
15380000000000	660300	896100
15400000000000	665650	896150
15420000000000	677800	882700
15440000000000	674500	889200
15460000000000	679450	899500
15480000000000	680300	900700
15500000000000	691350	919550
15520000000000	686800	911500
15540000000000	677700	903650
15560000000000	677550	915350
15580000000000	680600	901600
15600000000000	675450	890500
15620000000000	672300	907450
15640000000000	670000	895350
15660000000000	672350	884700
15680000000000	679000	892650
15700000000000	659400	881850
15720000000000	675050	905300
15740000000000	670600	895150
15760000000000	673300	910550
15780000000000	695000	911950
15800000000000	702850	909250
15820000000000	675350	889700
15840000000000	684500	909250
15860000000000	670350	906050
15880000000000	683300	898200
15900000000000	684250	872400
15920000000000	664400	883200
15940000000000	659600	869200
15960000000000	654850	858350
15980000000000	652750	855400
16000000000000	668500	889500
16020000000000	663450	872800
16040000000000	669550	885500
16060000000000	654700	870600
16080000000000	664150	880500
16100000000000	663400	865300
16120000000000	677050	875850
16140000000000	672600	882150
16160000000000	667250	892900
16180000000000	659550	864450
16200000000000	671150	888300
16220000000000	666900	880250
16240000000000	684800	900700
16260000000000	677100	885250
16280000000000	694450	916800
16300000000000	686700	908450
16320000000000	675300	890100
16340000000000	680350	876500
16360000000000	660000	864500
16380000000000	679150	876750
16400000000000	652300	864600
16420000000000	668400	866500
16440000000000	657850	874450
16460000000000	674750	883650
16480000000000	668200	881900
16500000000000	685300	888550
16520000000000	670250	899750
16540000000000	670800	881500
16560000000000	662650	886500
16580000000000	663000	886950
16600000000000	673050	885750
16620000000000	667500	874900
16640000000000	651850	848950
16660000000000	652650	854700
16680000000000	650650	872550
16700000000000	659050	896850
16720000000000	672650	884500
16740000000000	675900	902600
16760000000000	690900	908550
16780000000000	680850	908400
16800000000000	666500	902250
16820000000000	657750	882750
16840000000000	655700	878100
16860000000000	676700	871400
16880000000000	670700	878900
16900000000000	664900	873250
16920000000000	668800	884800
16940000000000	673200	889900
16960000000000	688100	900800
16980000000000	680050	891500
17000000000000	668750	890150
17020000000000	682500	916550
17040000000000	665750	883150
17060000000000	689650	899600
17080000000000	689700	905450
17100000000000	686650	909300
17120000000000	697750	891750
17140000000000	680000	883200
17160000000000	673900	881250
17180000000000	663500	874900
17200000000000	668100	882450
17220000000000	669100	882400
17240000000000	670500	877250
17260000000000	666100	878700
17280000000000	680300	891600
17300000000000	674000	888700
17320000000000	672900	890000
17340000000000	674750	888900
17360000000000	694150	914850
17380000000000	673050	881200
17400000000000	676050	889700
17420000000000	674750	872800
17440000000000	661100	874400
17460000000000	674900	870300
17480000000000	669950	891400
17500000000000	660950	874550
17520000000000	672350	891800
17540000000000	667900	874850
17560000000000	662250	871200
17580000000000	668250	875050
17600000000000	662950	875500
17620000000000	661850	880300
17640000000000	672000	875200
17660000000000	654500	885050
17680000000000	666650	893250
17700000000000	667750	888100
17720000000000	673300	904000
17740000000000	680100	894450
17760000000000	697900	931250
17780000000000	700650	917950
17800000000000	671450	896300
17820000000000	681500	896900
17840000000000	673650	898900
17860000000000	671350	895200
17880000000000	673100	887750
17900000000000	676350	892700
17920000000000	671850	884550
17940000000000	677650	895300
17960000000000	668400	884100
17980000000000	664700	879600
18000000000000	670350	881700
18020000000000	674700	876750
18040000000000	676900	904200
18060000000000	663650	887200
18080000000000	678750	899400
18100000000000	684350	900850
18120000000000	681600	889650
18140000000000	674500	901850
18160000000000	683300	901150
18180000000000	680900	888200
18200000000000	669850	898150
18220000000000	683050	913700
18240000000000	681250	896800
18260000000000	687750	894000
18280000000000	677800	908500
18300000000000	672250	896550
18320000000000	662600	884500
18340000000000	650900	866550
18360000000000	656250	858800
18380000000000	672700	886300
18400000000000	664450	875900
18420000000000	661800	875400
18440000000000	658550	877850
18460000000000	668550	883250
18480000000000	665100	880600
18500000000000	671000	883850
18520000000000	690250	894850
18540000000000	690800	916300
18560000000000	691400	928000
18580000000000	675500	879900
18600000000000	670450	880100
18620000000000	667400	874350
18640000000000	660650	872250
18660000000000	671350	875900
18680000000000	661200	866900
18700000000000	659050	865700
18720000000000	643300	870900
18740000000000	654100	862800
18760000000000	658400	863300
18780000000000	660100	871250
18800000000000	648750	859550
18820000000000	656400	856700
18840000000000	661400	888200
18860000000000	666350	876200
18880000000000	665050	885650
18900000000000	654550	869300
18920000000000	651600	861700
18940000000000	666350	875950
18960000000000	679450	889600
18980000000000	660550	871200
19000000000000	664950	882950
19020000000000	681350	892250
19040000000000	653850	865700
19060000000000	668000	879500
19080000000000	666550	885100
19100000000000	647550	858950
19120000000000	652550	865550
19140000000000	651600	855750
19160000000000	646550	864550
19180000000000	647800	872700
19200000000000	651000	853200
19220000000000	655850	860850
19240000000000	678250	898250
19260000000000	673600	888700
19280000000000	687800	919150
19300000000000	688450	903500
19320000000000	666450	891350
19340000000000	689700	896000
19360000000000	663250	873650
19380000000000	667150	877300
19400000000000	681700	888450
19420000000000	680350	887650
19440000000000	666550	876500
19460000000000	663450	879650
19480000000000	674800	882100
19500000000000	670150	884600
19520000000000	685550	906200
19540000000000	679900	899800
19560000000000	669850	881050
19580000000000	663950	885800
19600000000000	666300	882000
19620000000000	666650	878700
19640000000000	669000	881150
19660000000000	655350	869350
19680000000000	670950	883100
19700000000000	669500	883250
19720000000000	673350	885500
19740000000000	655650	865050
19760000000000	666300	877000
19780000000000	665600	879500
19800000000000	654650	881150
19820000000000	662500	866050
19840000000000	656000	860900
19860000000000	654900	868100
19880000000000	645550	863000
19900000000000	650700	862750
19920000000000	648400	840550
19940000000000	668250	869250
19960000000000	651350	874850
19980000000000	661000	874300
20000000000000	681850	880400
20020000000000	666450	878950
20040000000000	665000	886350
20060000000000	674300	891600
20080000000000	665200	880250
20100000000000	683000	890200
20120000000000	688650	893750
20140000000000	654450	874650
20160000000000	672750	883700
20180000000000	654350	882100
20200000000000	665700	876600
20220000000000	667900	874900
20240000000000	656350	850700
20260000000000	672200	888650
20280000000000	668000	890100
20300000000000	659850	873150
20320000000000	673800	904700
20340000000000	692250	890700
20360000000000	653750	874650
20380000000000	662100	880650
20400000000000	652950	881350
20420000000000	656400	866350
20440000000000	659200	867750
20460000000000	665850	882700
20480000000000	666050	890850
20500000000000	676350	883350
20520000000000	661150	878600
20540000000000	655200	871300
20560000000000	666600	879150
20580000000000	665200	866950
20600000000000	653050	873750
20620000000000	647500	865700
20640000000000	649450	856550
20660000000000	667350	871650
20680000000000	647500	868750
20700000000000	643550	853650
20720000000000	668550	866250
20740000000000	665500	881600
20760000000000	689200	899900
20780000000000	668050	886150
20800000000000	688800	896850
20820000000000	667000	895700
20840000000000	684200	891900
20860000000000	668300	887250
20880000000000	668950	884200
20900000000000	667200	877500
20920000000000	676650	899450
20940000000000	664850	878300
20960000000000	674500	889950
20980000000000	668200	883000
21000000000000	671650	875800
21020000000000	665550	876000
21040000000000	659150	893400
21060000000000	668100	868550
21080000000000	662350	875600
21100000000000	660050	884000
21120000000000	652400	882900
21140000000000	668200	870700
21160000000000	660950	879800
21180000000000	665550	894250
21200000000000	672850	892350
21220000000000	669700	896450
21240000000000	665750	886200
21260000000000	675450	883100
21280000000000	650950	874700
21300000000000	673450	883250
21320000000000	663450	865350
21340000000000	665100	884550
21360000000000	654200	860450
21380000000000	650800	845500
21400000000000	660300	875150
21420000000000	644100	858800
21440000000000	651000	865600
21460000000000	664900	879450
21480000000000	665850	875850
21500000000000	657200	863100
21520000000000	668000	867050
21540000000000	660800	876850
21560000000000	667850	880100
21580000000000	676550	875750
21600000000000	675200	896900
21620000000000	668250	889650
21640000000000	653050	879200
21660000000000	653400	866450
21680000000000	658000	868700
21700000000000	686700	893700
21720000000000	675550	893150
21740000000000	679300	878000
21760000000000	672450	895500
21780000000000	680950	884800
21800000000000	677400	908050
21820000000000	675850	883400
21840000000000	672650	899800
21860000000000	667000	891750
21880000000000	674850	876600
21900000000000	668750	879150
21920000000000	663050	883200
21940000000000	684750	900250
21960000000000	672150	882650
21980000000000	670400	883450
22000000000000	685550	924500
22020000000000	681300	885750
22040000000000	678850	896750
22060000000000	671200	882000
22080000000000	667200	884850
22100000000000	669500	882150
22120000000000	676600	896150
22140000000000	681000	907850
22160000000000	666400	888250
22180000000000	671700	882100
22200000000000	668800	874900
22220000000000	656700	870750
22240000000000	663500	869050
22260000000000	673950	893200
22280000000000	682850	883000
22300000000000	668100	890300
22320000000000	676050	881750
22340000000000	677000	895900
22360000000000	673600	889600
22380000000000	674000	896750
22400000000000	671200	882750
22420000000000	664700	863800
22440000000000	660950	863650
22460000000000	675050	870150
22480000000000	664350	880500
22500000000000	680850	889900
22520000000000	654400	872700
22540000000000	671500	888300
22560000000000	686900	902150
22580000000000	671600	888900
22600000000000	651100	867300
22620000000000	689950	900850
22640000000000	690550	900250
22660000000000	671550	878600
22680000000000	680300	896800
22700000000000	679400	888600
22720000000000	671750	898800
22740000000000	678400	891100
22760000000000	672750	883550
22780000000000	677950	898050
22800000000000	676050	896400
22820000000000	673100	882400
22840000000000	662400	907050
22860000000000	669150	887750
22880000000000	656300	860850
22900000000000	651000	862550
22920000000000	655650	877900
22940000000000	668000	870150
22960000000000	657200	884400
22980000000000	662100	886250
23000000000000	662700	898750
23020000000000	677700	902950
23040000000000	678250	883150
23060000000000	671550	874850
23080000000000	666000	865900
23100000000000	653200	874350
23120000000000	671950	888150
23140000000000	656850	870250
23160000000000	660650	860300
23180000000000	668850	878750
23200000000000	665350	867750
23220000000000	671200	884300
23240000000000	672100	883600
23260000000000	671000	897800
23280000000000	664250	867450
23300000000000	677200	889150
23320000000000	658950	884450
23340000000000	674750	883350
23360000000000	651800	870050
23380000000000	659200	866400
23400000000000	656350	874350
23420000000000	654500	858900
23440000000000	651850	861500
23460000000000	654650	861050
23480000000000	676100	887550
23500000000000	665750	883350
23520000000000	682600	901000
23540000000000	667700	880900
23560000000000	678550	896550
23580000000000	670500	892200
23600000000000	669700	875200
23620000000000	660450	883400
23640000000000	682050	891450
23660000000000	658600	882650
23680000000000	670300	878150
23700000000000	657550	877900
23720000000000	654850	858000
23740000000000	666250	865750
23760000000000	669500	867450
23780000000000	649750	878600
23800000000000	669400	885450
23820000000000	669950	881750
23840000000000	684050	900200
23860000000000	699800	933550
23880000000000	672300	880050
23900000000000	678750	874450
23920000000000	663850	885100
23940000000000	677550	874400
23960000000000	661900	877850
23980000000000	656250	872300
24000000000000	657550	877000
24020000000000	680700	889900
24040000000000	668150	880000
24060000000000	669950	875550
24080000000000	657200	866700
24100000000000	661300	870600
24120000000000	653050	857000
24140000000000	670900	871600
24160000000000	671100	871100
24180000000000	657350	864750
24200000000000	671250	878900
24220000000000	667000	886800
24240000000000	671100	882700
24260000000000	671700	879550
24280000000000	662800	887400
24300000000000	674050	889000
24320000000000	664300	873400
24340000000000	665750	885450
24360000000000	673100	878100
24380000000000	663950	874950
24400000000000	647100	877700
24420000000000	665550	861250
24440000000000	650250	857350
24460000000000	649200	868850
24480000000000	655700	851100
24500000000000	652650	876750
24520000000000	678600	893500
24540000000000	671900	884850
24560000000000	662300	866300
24580000000000	652600	856100
24600000000000	654450	886800
24620000000000	663400	864600
24640000000000	665350	883100
24660000000000	664800	880600
24680000000000	657250	866000
24700000000000	673050	890200
24720000000000	675750	885900
24740000000000	689700	895400
24760000000000	668950	885150
24780000000000	675450	896450
24800000000000	670400	879600
24820000000000	670050	876350
24840000000000	663150	866950
24860000000000	675700	872400
24880000000000	660150	859200
24900000000000	669250	870300
24920000000000	662200	878550
24940000000000	660150	881300
24960000000000	666900	887950
24980000000000	661850	871700
25000000000000	667450	882050
25020000000000	674700	885600
25040000000000	682550	901350
25060000000000	675850	896350
25080000000000	675700	894050
25100000000000	685450	890750
25120000000000	664250	895150
25140000000000	653250	845900
25160000000000	656850	864500
25180000000000	652550	850500
25200000000000	640250	853350
25220000000000	661600	876950
25240000000000	658250	863750
25260000000000	668900	891450
25280000000000	667400	872250
25300000000000	658800	867700
25320000000000	654400	873750
25340000000000	657350	867450
25360000000000	666150	885000
25380000000000	677350	891150
25400000000000	671100	885100
25420000000000	666500	869700
25440000000000	667100	888100
25460000000000	670250	878150
25480000000000	679150	897700
25500000000000	675250	882600
25520000000000	685450	891700
25540000000000	673900	881000
25560000000000	676700	899200
25580000000000	670300	880550
25600000000000	692250	906050
25620000000000	668050	867800
25640000000000	675400	883350
25660000000000	655900	869750
25680000000000	672750	896000
25700000000000	682000	891200
25720000000000	688450	896100
25740000000000	675800	898100
25760000000000	683500	912750
25780000000000	681550	899350
25800000000000	686450	915100
25820000000000	699200	897000
25840000000000	693400	892950
25860000000000	673700	901050
25880000000000	676000	873550
25900000000000	687350	887200
25920000000000	676300	879050
25940000000000	684700	891450
25960000000000	660750	864400
25980000000000	668300	882100
26000000000000	670050	885600
26020000000000	665700	879150
26040000000000	670100	896100
26060000000000	662100	890550
26080000000000	665950	896650
26100000000000	662650	875850
26120000000000	653200	867100
26140000000000	666950	872250
26160000000000	664650	872550
26180000000000	678000	891150
26200000000000	679850	891600
26220000000000	657100	872900
26240000000000	674600	895900
26260000000000	675850	887450
26280000000000	665550	880500
26300000000000	683850	900450
26320000000000	674050	882250
26340000000000	672900	881300
26360000000000	674300	880150
26380000000000	661950	867550
26400000000000	661350	842400
26420000000000	656300	876300
26440000000000	654350	861800
26460000000000	650050	872550
26480000000000	660400	861700
26500000000000	657450	868750
26520000000000	658500	868700
26540000000000	656450	870000
26560000000000	664400	884250
26580000000000	670800	891550
26600000000000	658000	880750
26620000000000	679600	888150
26640000000000	660700	875700
26660000000000	658900	880000
26680000000000	660650	879950
26700000000000	645100	850050
26720000000000	662850	873850
26740000000000	658050	863200
26760000000000	648100	870150
26780000000000	657950	878150
26800000000000	666750	877500
26820000000000	667700	879850
26840000000000	659850	884450
26860000000000	665200	879650
26880000000000	665600	869700
26900000000000	667200	884800
26920000000000	659650	861950
26940000000000	659250	877450
26960000000000	650950	869600
26980000000000	683650	882800
27000000000000	667750	893000
27020000000000	678300	910350
27040000000000	669650	893250
27060000000000	668400	884050
27080000000000	661850	874700
27100000000000	662450	874400
27120000000000	653800	873500
27140000000000	664100	866650
27160000000000	665850	869250
27180000000000	655000	864800
27200000000000	646950	864050
27220000000000	657850	881950
27240000000000	662800	882700
27260000000000	662100	860150
27280000000000	659400	870450
27300000000000	655250	875350
27320000000000	667400	888000
27340000000000	657700	884150
27360000000000	667400	886500
27380000000000	655300	870800
27400000000000	658800	860750
27420000000000	661000	860050
27440000000000	651900	864000
27460000000000	648550	867850
27480000000000	668500	868200
27500000000000	656250	852650
27520000000000	656500	864700
27540000000000	664000	868500
27560000000000	652350	867800
27580000000000	648950	858500
27600000000000	662700	878150
27620000000000	663400	875200
27640000000000	625800	839750
27660000000000	651850	856200
27680000000000	665150	873000
27700000000000	656400	860600
27720000000000	667850	874400
27740000000000	660050	876300
27760000000000	654600	886450
27780000000000	660750	886450
27800000000000	660650	875450
27820000000000	660150	872150
27840000000000	660200	859650
27860000000000	650550	854050
27880000000000	648000	864650
27900000000000	637150	846950
27920000000000	653050	864150
27940000000000	648500	874550
27960000000000	658000	865400
27980000000000	665700	859550
28000000000000	666550	896750
28020000000000	658350	868200
28040000000000	658250	872700
28060000000000	677100	884550
28080000000000	670650	882750
28100000000000	672150	896500
28120000000000	660000	882450
28140000000000	662200	877250
28160000000000	649550	863300
28180000000000	668100	884750
28200000000000	653400	875150
28220000000000	661050	873950
28240000000000	679100	883850
28260000000000	651100	861950
28280000000000	661500	881850
28300000000000	680100	887800
28320000000000	662500	893500
28340000000000	650550	863450
28360000000000	662450	874200
28380000000000	662700	883500
28400000000000	651650	876700
28420000000000	664750	871900
28440000000000	651150	879250
28460000000000	671350	874200
28480000000000	657450	886800
28500000000000	666700	881200
28520000000000	661100	867900
28540000000000	672950	872200
28560000000000	652600	859250
28580000000000	669150	877300
28600000000000	652150	854400
28620000000000	654750	853600
28640000000000	647600	862350
28660000000000	636150	840600
28680000000000	640150	848800
28700000000000	648200	861150
28720000000000	657150	853500
28740000000000	664150	871400
28760000000000	675600	890350
28780000000000	653500	878050
28800000000000	676200	904200
28820000000000	679900	886900
28840000000000	665250	883800
28860000000000	661250	889500
28880000000000	657150	878900
28900000000000	666500	877900
28920000000000	667200	873150
28940000000000	643300	858100
28960000000000	669100	872300
28980000000000	674150	884500
29000000000000	657650	882200
29020000000000	661900	871400
29040000000000	660200	874250
29060000000000	679450	896750
29080000000000	669600	885300
29100000000000	664700	880750
29120000000000	653350	875650
29140000000000	650250	863950
29160000000000	664300	867350
29180000000000	658800	881450
29200000000000	665600	878100
29220000000000	667250	893850
29240000000000	664600	874700
29260000000000	669750	888200
29280000000000	663800	882450
29300000000000	656600	877600
29320000000000	656300	869850
29340000000000	660150	876150
29360000000000	648200	842850
29380000000000	658700	884150
29400000000000	637200	845900
29420000000000	639150	847850
29440000000000	647200	868150
29460000000000	666950	873150
29480000000000	648250	874150
29500000000000	658800	858800
29520000000000	663150	882250
29540000000000	684250	902000
29560000000000	665550	875100
29580000000000	665900	879950
29600000000000	664350	882850
29620000000000	682000	888300
29640000000000	674600	880950
29660000000000	670400	870150
29680000000000	657500	880350
29700000000000	667400	888900
29720000000000	681700	884200
29740000000000	679250	903200
29760000000000	678250	906250
29780000000000	670900	887000
29800000000000	673750	888250
29820000000000	656250	875450
29840000000000	658100	881000
29860000000000	665800	866800
29880000000000	663600	873200
29900000000000	653950	866050
29920000000000	652600	861550
29940000000000	656200	876100
29960000000000	669950	882400
29980000000000	667250	906550
30000000000000	660200	881000
30020000000000	657650	887600
30040000000000	667950	887750
30060000000000	677500	890700
30080000000000	673450	898000
30100000000000	657050	870800
30120000000000	665500	871350
30140000000000	660550	861500
30160000000000	656050	876700
30180000000000	644850	863100
30200000000000	651400	846900
30220000000000	672900	874150
30240000000000	648150	858250
30260000000000	666300	875000
30280000000000	661700	885450
30300000000000	671700	878200
30320000000000	673900	893800
30340000000000	680750	891550
30360000000000	654950	869850
30380000000000	668700	884300
30400000000000	650050	855100
30420000000000	670100	875450
30440000000000	675650	885400
30460000000000	677600	885850
30480000000000	666900	889800
30500000000000	671700	882100
30520000000000	667250	887050
30540000000000	669950	896850
30560000000000	665200	889100
30580000000000	665800	898350
30600000000000	652800	876650
30620000000000	648700	854100
30640000000000	648150	854800
30660000000000	659200	870400
30680000000000	644650	856700
30700000000000	643200	838950
30720000000000	663650	864600
30740000000000	663350	880650
30760000000000	651850	869050
30780000000000	652600	871400
30800000000000	667550	878700
30820000000000	662950	883750
30840000000000	659700	857250
30860000000000	665800	885950
30880000000000	667050	866150
30900000000000	643950	841800
30920000000000	634050	858500
30940000000000	640100	849400
30960000000000	643400	850050
30980000000000	645850	849750
31000000000000	640100	857550
31020000000000	656550	869200
31040000000000	649650	858900
31060000000000	656600	850750
31080000000000	677300	880350
31100000000000	665200	872000
31120000000000	674350	899700
31140000000000	668650	875950
31160000000000	667050	895850
31180000000000	656900	874350
31200000000000	653900	861800
31220000000000	670300	877700
31240000000000	657250	875900
31260000000000	663000	862400
31280000000000	661000	874100
31300000000000	655350	869300
31320000000000	652700	864100
31340000000000	644800	865350
31360000000000	648050	858950
31380000000000	644850	853650
31400000000000	640550	853800
31420000000000	646900	847600
31440000000000	667350	860100
31460000000000	670250	872100
31480000000000	659450	875600
31500000000000	677800	878850
31520000000000	693750	893100
31540000000000	685900	904150
31560000000000	679000	908450
31580000000000	693800	913250
31600000000000	671150	899750
31620000000000	676000	890750
31640000000000	660900	870550
31660000000000	649500	859700
31680000000000	648750	858900
31700000000000	656700	857700
31720000000000	652150	868750
31740000000000	651500	856750
31760000000000	670100	885900
31780000000000	658500	879350
31800000000000	668450	889550
31820000000000	671500	875200
31840000000000	664200	868900
31860000000000	660200	879900
31880000000000	662050	887050
31900000000000	662950	872800
31920000000000	669550	865850
31940000000000	671700	882250
31960000000000	653750	871300
31980000000000	656700	868350
32000000000000	682100	890950
32020000000000	666000	888400
32040000000000	660850	878950
32060000000000	676950	889050
32080000000000	667550	889700
32100000000000	665650	883500
32120000000000	659450	882950
32140000000000	663950	880650
32160000000000	647700	869300
32180000000000	660400	872250
32200000000000	639350	866100
32220000000000	651950	875950
32240000000000	665150	869900
32260000000000	655100	871250
32280000000000	667150	888050
32300000000000	671200	888200
32320000000000	670050	886000
32340000000000	660900	877050
32360000000000	670250	889700
32380000000000	679600	892450
32400000000000	662400	882200
32420000000000	657950	878900
32440000000000	659000	867900
32460000000000	660800	881850
32480000000000	645500	869200
32500000000000	646050	865100
32520000000000	673450	864950
32540000000000	671450	888150
32560000000000	674800	884050
32580000000000	672500	885800
32600000000000	647850	857000
32620000000000	664450	861700
32640000000000	664050	876800
32660000000000	666050	877150
32680000000000	653900	870200
32700000000000	662850	867800
32720000000000	662850	867250
32740000000000	657100	870750
32760000000000	659200	891850
32780000000000	683550	883350
32800000000000	664100	883900
32820000000000	655900	875200
32840000000000	659500	859750
32860000000000	651750	887300
32880000000000	640700	846300
32900000000000	648900	864850
