"Time (ps)"	"Counts per bin"
0	1
100	1
200	8
300	3
400	6
500	4
600	5
700	6
800	7
900	4
1000	6
1100	2
1200	3
1300	4
1400	10
1500	3
1600	6
1700	6
1800	3
1900	3
2000	2
2100	3
2200	6
2300	6
2400	5
2500	4
2600	6
2700	5
2800	6
2900	7
3000	5
3100	3
3200	5
3300	7
3400	2
3500	4
3600	3
3700	7
3800	5
3900	4
4000	4
4100	9
4200	4
4300	3
4400	6
4500	4
4600	3
4700	4
4800	6
4900	7
5000	4
5100	4
5200	8
5300	1
5400	5
5500	5
5600	4
5700	3
5800	6
5900	2
6000	6
6100	5
6200	1
6300	6
6400	6
6500	2
6600	5
6700	6
6800	7
6900	8
7000	6
7100	7
7200	3
7300	4
7400	3
7500	1
7600	8
7700	1
7800	8
7900	9
8000	5
8100	5
8200	5
8300	3
8400	1
8500	7
8600	5
8700	6
8800	4
8900	4
9000	1
9100	5
9200	6
9300	6
9400	7
9500	1
9600	11
9700	2
9800	8
9900	4
10000	1
10100	7
10200	0
10300	2
10400	4
10500	2
10600	3
10700	4
10800	7
10900	1
11000	6
11100	7
11200	4
11300	3
11400	4
11500	4
11600	2
11700	2
11800	10
11900	5
12000	4
12100	4
12200	2
12300	4
12400	4
12500	3
12600	5
12700	4
12800	3
12900	4
13000	2
13100	4
13200	0
13300	7
13400	1
13500	4
13600	4
13700	3
13800	3
13900	4
14000	5
14100	3
14200	4
14300	2
14400	3
14500	5
14600	7
14700	5
14800	3
14900	5
15000	2
15100	4
15200	3
15300	4
15400	2
15500	3
15600	3
15700	5
15800	4
15900	4
16000	7
16100	3
16200	3
16300	5
16400	10
16500	6
16600	7
16700	14
16800	25
16900	91
17000	173
17100	291
17200	489
17300	647
17400	905
17500	1116
17600	1333
17700	1538
17800	1759
17900	1989
18000	2209
18100	2380
18200	2512
18300	2595
18400	2583
18500	2627
18600	2560
18700	2536
18800	2404
18900	2453
19000	2311
19100	2229
19200	2078
19300	1971
19400	2039
19500	1910
19600	1907
19700	1889
19800	1728
19900	1716
20000	1626
20100	1665
20200	1536
20300	1549
20400	1538
20500	1456
20600	1408
20700	1375
20800	1418
20900	1418
21000	1329
21100	1294
21200	1253
21300	1231
21400	1210
21500	1162
21600	1209
21700	1154
21800	1154
21900	1131
22000	1079
22100	1008
22200	1059
22300	1039
22400	1018
22500	966
22600	977
22700	943
22800	955
22900	899
23000	937
23100	899
23200	910
23300	912
23400	841
23500	821
23600	862
23700	865
23800	800
23900	794
24000	778
24100	741
24200	814
24300	740
24400	773
24500	794
24600	750
24700	733
24800	714
24900	755
25000	719
25100	718
25200	670
25300	722
25400	668
25500	651
25600	624
25700	685
25800	676
25900	640
26000	689
26100	660
26200	661
26300	623
26400	586
26500	616
26600	582
26700	582
26800	577
26900	575
27000	591
27100	572
27200	558
27300	575
27400	565
27500	565
27600	528
27700	552
27800	531
27900	555
28000	539
28100	516
28200	523
28300	480
28400	482
28500	486
28600	481
28700	529
28800	472
28900	481
29000	461
29100	509
29200	477
29300	469
29400	492
29500	478
29600	466
29700	441
29800	435
29900	426
30000	455
30100	451
30200	459
30300	463
30400	445
30500	437
30600	421
30700	460
30800	422
30900	424
31000	430
31100	434
31200	406
31300	416
31400	431
31500	410
31600	389
31700	399
31800	398
31900	385
32000	421
32100	397
32200	395
32300	356
32400	408
32500	382
32600	396
32700	393
32800	385
32900	383
33000	362
33100	386
33200	360
33300	380
33400	370
33500	366
33600	371
33700	358
33800	366
33900	372
34000	358
34100	339
34200	336
34300	368
34400	360
34500	343
34600	345
34700	320
34800	350
34900	383
35000	323
35100	330
35200	339
35300	304
35400	322
35500	325
35600	344
35700	317
35800	327
35900	332
36000	303
36100	309
36200	335
36300	303
36400	315
36500	341
36600	317
36700	320
36800	332
36900	293
37000	311
37100	316
37200	305
37300	308
37400	277
37500	288
37600	303
37700	294
37800	293
37900	277
38000	264
38100	309
38200	282
38300	293
38400	266
38500	255
38600	285
38700	275
38800	271
38900	285
39000	270
39100	266
39200	294
39300	265
39400	241
39500	289
39600	275
39700	253
39800	279
39900	229
40000	224
40100	239
40200	263
40300	256
40400	267
40500	247
40600	234
40700	256
40800	240
40900	274
41000	256
41100	255
41200	274
41300	242
41400	275
41500	278
41600	230
41700	257
41800	234
41900	259
42000	256
42100	246
42200	254
42300	223
42400	248
42500	234
42600	240
42700	259
42800	254
42900	210
43000	234
43100	231
43200	222
43300	226
43400	226
43500	213
43600	246
43700	198
43800	223
43900	217
44000	222
44100	238
44200	232
44300	201
44400	230
44500	204
44600	235
44700	245
44800	212
44900	216
45000	240
45100	223
45200	215
45300	182
45400	212
45500	208
45600	207
45700	203
45800	235
45900	198
46000	206
46100	217
46200	183
46300	220
46400	206
46500	226
46600	194
46700	192
46800	193
46900	194
47000	204
47100	197
47200	212
47300	196
47400	201
47500	190
47600	185
47700	191
47800	180
47900	193
48000	196
48100	190
48200	190
48300	186
48400	171
48500	187
48600	212
48700	182
48800	184
48900	200
49000	196
49100	179
49200	153
49300	184
49400	180
49500	167
49600	192
49700	157
49800	172
49900	169
50000	184
50100	217
50200	185
50300	184
50400	171
50500	200
50600	162
50700	182
50800	166
50900	163
51000	156
51100	165
51200	163
51300	147
51400	203
51500	171
51600	174
51700	180
51800	165
51900	155
52000	146
52100	174
52200	149
52300	170
52400	166
52500	147
52600	167
52700	153
52800	160
52900	171
53000	170
53100	147
53200	163
53300	149
53400	167
53500	155
53600	163
53700	156
53800	154
53900	187
54000	178
54100	174
54200	154
54300	145
54400	168
54500	167
54600	162
54700	158
54800	132
54900	157
55000	122
55100	162
55200	153
55300	152
55400	123
55500	158
55600	146
55700	154
55800	133
55900	176
56000	165
56100	148
56200	134
56300	140
56400	154
56500	133
56600	139
56700	140
56800	138
56900	150
57000	136
57100	137
57200	138
57300	140
57400	135
57500	127
57600	116
57700	135
57800	136
57900	127
58000	128
58100	131
58200	129
58300	127
58400	121
58500	117
58600	134
58700	123
58800	136
58900	141
59000	137
59100	136
59200	126
59300	142
59400	135
59500	124
59600	127
59700	121
59800	125
59900	128
60000	114
60100	127
60200	107
60300	104
60400	141
60500	134
60600	121
60700	118
60800	116
60900	109
61000	132
61100	130
61200	123
61300	109
61400	148
61500	130
61600	119
61700	118
61800	133
61900	137
62000	132
62100	122
62200	131
62300	119
62400	125
62500	115
62600	115
62700	128
62800	108
62900	131
63000	113
63100	133
63200	126
63300	114
63400	109
63500	105
63600	105
63700	116
63800	114
63900	117
64000	113
64100	118
64200	124
64300	111
64400	127
64500	117
64600	103
64700	107
64800	101
64900	91
65000	119
65100	114
65200	104
65300	105
65400	100
65500	114
65600	100
65700	117
65800	129
65900	108
66000	116
66100	107
66200	99
66300	119
66400	108
66500	114
66600	121
66700	119
66800	97
66900	99
67000	103
67100	105
67200	115
67300	98
67400	76
67500	99
67600	120
67700	105
67800	90
67900	87
68000	90
68100	104
68200	105
68300	114
68400	89
68500	92
68600	107
68700	112
68800	90
68900	98
69000	93
69100	112
69200	79
69300	108
69400	100
69500	110
69600	105
69700	103
69800	82
69900	100
70000	97
70100	87
70200	91
70300	110
70400	106
70500	97
70600	95
70700	99
70800	100
70900	93
71000	106
71100	82
71200	84
71300	85
71400	95
71500	94
71600	99
71700	87
71800	79
71900	103
72000	82
72100	106
72200	93
72300	98
72400	91
72500	101
72600	91
72700	77
72800	79
72900	84
73000	92
73100	94
73200	92
73300	75
73400	88
73500	75
73600	75
73700	111
73800	77
73900	82
74000	97
74100	94
74200	72
74300	76
74400	74
74500	80
74600	86
74700	101
74800	85
74900	80
75000	70
75100	86
75200	89
75300	99
75400	78
75500	71
75600	94
75700	87
75800	80
75900	82
76000	90
76100	87
76200	72
76300	82
76400	91
76500	76
76600	77
76700	74
76800	74
76900	76
77000	92
77100	74
77200	69
77300	75
77400	89
77500	71
77600	75
77700	83
77800	76
77900	76
78000	74
78100	76
78200	53
78300	80
78400	77
78500	72
78600	68
78700	85
78800	97
78900	75
79000	86
79100	69
79200	80
79300	76
79400	68
79500	82
79600	67
79700	76
79800	86
79900	66
80000	78
80100	66
80200	90
80300	70
80400	59
80500	77
80600	73
80700	75
80800	71
80900	75
81000	73
81100	75
81200	61
81300	63
81400	65
81500	65
81600	58
81700	82
81800	62
81900	77
82000	78
82100	73
82200	80
82300	75
82400	71
82500	69
82600	68
82700	68
82800	65
82900	65
83000	76
83100	60
83200	57
83300	71
83400	66
83500	64
83600	75
83700	84
83800	87
83900	64
84000	77
84100	52
84200	82
84300	71
84400	67
84500	74
84600	69
84700	63
84800	73
84900	70
85000	74
85100	77
85200	84
85300	81
85400	73
85500	74
85600	53
85700	57
85800	64
85900	65
86000	55
86100	78
86200	64
86300	50
86400	60
86500	50
86600	56
86700	61
86800	79
86900	66
87000	70
87100	75
87200	66
87300	58
87400	69
87500	69
87600	71
87700	46
87800	67
87900	65
88000	54
88100	80
88200	60
88300	57
88400	57
88500	56
88600	59
88700	56
88800	51
88900	62
89000	46
89100	83
89200	62
89300	65
89400	59
89500	54
89600	56
89700	54
89800	59
89900	69
90000	59
90100	59
90200	72
90300	60
90400	63
90500	79
90600	44
90700	66
90800	65
90900	65
91000	44
91100	57
91200	69
91300	50
91400	53
91500	64
91600	53
91700	63
91800	56
91900	51
92000	49
92100	50
92200	55
92300	52
92400	46
92500	50
92600	50
92700	57
92800	39
92900	53
93000	45
93100	51
93200	76
93300	51
93400	49
93500	50
93600	41
93700	42
93800	45
93900	43
94000	48
94100	51
94200	52
94300	39
94400	50
94500	58
94600	43
94700	41
94800	34
94900	46
95000	46
95100	54
95200	49
95300	48
95400	53
95500	59
95600	61
95700	47
95800	45
95900	49
96000	42
96100	58
96200	45
96300	54
96400	44
96500	43
96600	62
96700	53
96800	49
96900	54
97000	64
97100	56
97200	44
97300	39
97400	43
97500	43
97600	50
97700	35
97800	36
97900	58
98000	43
98100	49
98200	47
98300	45
98400	50
98500	55
98600	59
98700	40
98800	53
98900	66
99000	54
99100	41
99200	49
99300	45
99400	35
99500	44
99600	62
99700	47
99800	41
99900	47
100000	52
100100	46
100200	40
100300	62
100400	54
100500	45
100600	43
100700	60
100800	50
100900	46
101000	45
101100	44
101200	39
101300	51
101400	49
101500	43
101600	56
101700	36
101800	38
101900	38
102000	32
102100	46
102200	49
102300	56
102400	45
102500	49
102600	43
102700	45
102800	53
102900	48
103000	38
103100	49
103200	41
103300	41
103400	47
103500	40
103600	40
103700	44
103800	54
103900	50
104000	48
104100	43
104200	39
104300	34
104400	33
104500	61
104600	32
104700	39
104800	49
104900	36
105000	47
105100	46
105200	27
105300	41
105400	36
105500	34
105600	36
105700	43
105800	42
105900	39
106000	33
106100	33
106200	41
106300	48
106400	39
106500	33
106600	40
106700	28
106800	32
106900	34
107000	38
107100	36
107200	48
107300	40
107400	27
107500	41
107600	37
107700	34
107800	32
107900	35
108000	37
108100	40
108200	43
108300	23
108400	39
108500	31
108600	42
108700	38
108800	38
108900	42
109000	30
109100	41
109200	36
109300	40
109400	40
109500	33
109600	41
109700	41
109800	36
109900	42
110000	33
110100	40
110200	38
110300	42
110400	35
110500	37
110600	35
110700	38
110800	34
110900	46
111000	44
111100	29
111200	32
111300	36
111400	37
111500	40
111600	34
111700	37
111800	33
111900	37
112000	32
112100	47
112200	40
112300	37
112400	38
112500	41
112600	33
112700	34
112800	42
112900	29
113000	34
113100	33
113200	37
113300	38
113400	32
113500	34
113600	41
113700	24
113800	30
113900	39
114000	43
114100	26
114200	29
114300	33
114400	39
114500	30
114600	31
114700	37
114800	40
114900	31
115000	40
115100	33
115200	29
115300	37
115400	30
115500	19
115600	31
115700	36
115800	29
115900	23
116000	46
116100	27
116200	45
116300	28
116400	26
116500	39
116600	21
116700	35
116800	28
116900	22
117000	22
117100	35
117200	25
117300	37
117400	28
117500	32
117600	31
117700	34
117800	25
117900	33
118000	29
118100	29
118200	41
118300	27
118400	30
118500	39
118600	27
118700	32
118800	27
118900	22
119000	30
119100	32
119200	34
119300	32
119400	29
119500	32
119600	28
119700	24
119800	36
119900	30
120000	25
120100	32
120200	23
120300	35
120400	27
120500	31
120600	28
120700	32
120800	33
120900	35
121000	34
121100	32
121200	36
121300	26
121400	28
121500	27
121600	21
121700	33
121800	21
121900	30
122000	32
122100	21
122200	30
122300	28
122400	22
122500	36
122600	24
122700	36
122800	30
122900	35
123000	29
123100	25
123200	27
123300	25
123400	31
123500	39
123600	35
123700	23
123800	30
123900	21
124000	37
124100	28
124200	19
124300	31
124400	29
124500	34
124600	25
124700	32
124800	35
124900	29
125000	29
125100	20
125200	24
125300	28
125400	27
125500	24
125600	29
125700	19
125800	24
125900	33
126000	30
126100	25
126200	35
126300	22
126400	32
126500	25
126600	31
126700	22
126800	26
126900	20
127000	25
127100	29
127200	30
127300	20
127400	25
127500	21
127600	24
127700	29
127800	32
127900	26
128000	26
128100	28
128200	28
128300	27
128400	18
128500	29
128600	24
128700	28
128800	22
128900	26
129000	27
129100	27
129200	16
129300	13
129400	21
129500	41
129600	25
129700	30
129800	27
129900	17
130000	19
130100	34
130200	17
130300	19
130400	21
130500	24
130600	30
130700	26
130800	24
130900	18
131000	33
131100	17
131200	23
131300	39
131400	24
131500	27
131600	23
131700	20
131800	23
131900	25
132000	24
132100	24
132200	18
132300	29
132400	19
132500	13
132600	23
132700	32
132800	22
132900	27
133000	25
133100	23
133200	24
133300	23
133400	27
133500	25
133600	15
133700	28
133800	25
133900	33
134000	22
134100	31
134200	35
134300	29
134400	27
134500	18
134600	24
134700	24
134800	20
134900	28
135000	19
135100	24
135200	27
135300	17
135400	19
135500	26
135600	18
135700	21
135800	24
135900	21
136000	11
136100	20
136200	16
136300	20
136400	13
136500	26
136600	25
136700	24
136800	26
136900	14
137000	24
137100	26
137200	19
137300	15
137400	27
137500	15
137600	21
137700	13
137800	23
137900	24
138000	20
138100	21
138200	15
138300	19
138400	18
138500	26
138600	15
138700	15
138800	21
138900	27
139000	24
139100	25
139200	18
139300	18
139400	26
139500	18
139600	22
139700	17
139800	20
139900	20
140000	21
140100	13
140200	26
140300	16
140400	21
140500	15
140600	30
140700	30
140800	13
140900	24
141000	28
141100	22
141200	11
141300	20
141400	16
141500	23
141600	21
141700	21
141800	18
141900	15
142000	19
142100	21
142200	30
142300	14
142400	25
142500	21
142600	27
142700	18
142800	18
142900	13
143000	26
143100	20
143200	18
143300	20
143400	12
143500	19
143600	20
143700	28
143800	21
143900	21
144000	17
144100	19
144200	24
144300	31
144400	21
144500	22
144600	25
144700	22
144800	16
144900	22
145000	19
145100	8
145200	20
145300	16
145400	12
145500	28
145600	22
145700	16
145800	13
145900	33
146000	14
146100	13
146200	15
146300	17
146400	25
146500	14
146600	26
146700	19
146800	21
146900	23
147000	14
147100	19
147200	19
147300	11
147400	14
147500	16
147600	17
147700	18
147800	21
147900	21
148000	15
148100	13
148200	21
148300	20
148400	19
148500	20
148600	22
148700	20
148800	32
148900	19
149000	18
149100	13
149200	28
149300	4
149400	12
149500	20
149600	18
149700	19
149800	23
149900	23
150000	26
150100	14
150200	15
150300	17
150400	9
150500	23
150600	23
150700	10
150800	17
150900	24
151000	23
151100	7
151200	25
151300	22
151400	24
151500	12
151600	8
151700	15
151800	12
151900	15
152000	10
152100	19
152200	21
152300	18
152400	13
152500	17
152600	16
152700	24
152800	17
152900	14
153000	17
153100	12
153200	20
153300	14
153400	16
153500	18
153600	12
153700	18
153800	13
153900	24
154000	14
154100	17
154200	12
154300	20
154400	15
154500	17
154600	9
154700	9
154800	11
154900	22
155000	19
155100	24
155200	19
155300	17
155400	13
155500	15
155600	19
155700	17
155800	8
155900	18
156000	13
156100	18
156200	4
156300	15
156400	14
156500	12
156600	13
156700	13
156800	26
156900	17
157000	11
157100	13
157200	15
157300	16
157400	18
157500	16
157600	16
157700	10
157800	19
157900	10
158000	23
158100	17
158200	13
158300	12
158400	15
158500	18
158600	13
158700	16
158800	11
158900	14
159000	14
159100	14
159200	16
159300	11
159400	10
159500	15
159600	11
159700	10
159800	19
159900	13
160000	18
160100	10
160200	12
160300	18
160400	19
160500	14
160600	17
160700	15
160800	11
160900	26
161000	10
161100	17
161200	6
161300	15
161400	7
161500	23
161600	22
161700	13
161800	12
161900	17
162000	12
162100	17
162200	14
162300	12
162400	11
162500	14
162600	9
162700	10
162800	15
162900	8
163000	18
163100	11
163200	13
163300	12
163400	13
163500	14
163600	5
163700	17
163800	13
163900	14
164000	16
164100	9
164200	14
164300	17
164400	11
164500	13
164600	14
164700	10
164800	14
164900	12
165000	13
165100	16
165200	14
165300	20
165400	11
165500	19
165600	12
165700	14
165800	9
165900	7
166000	16
166100	12
166200	15
166300	8
166400	10
166500	15
166600	12
166700	10
166800	15
166900	14
167000	18
167100	13
167200	9
167300	16
167400	10
167500	12
167600	15
167700	14
167800	8
167900	12
168000	9
168100	17
168200	12
168300	9
168400	5
168500	13
168600	15
168700	9
168800	9
168900	10
169000	14
169100	12
169200	14
169300	8
169400	14
169500	17
169600	14
169700	16
169800	10
169900	14
170000	15
170100	11
170200	15
170300	8
170400	9
170500	10
170600	13
170700	12
170800	8
170900	9
171000	9
171100	13
171200	9
171300	13
171400	10
171500	9
171600	16
171700	15
171800	17
171900	11
172000	14
172100	17
172200	16
172300	7
172400	12
172500	18
172600	12
172700	13
172800	10
172900	10
173000	12
173100	8
173200	14
173300	11
173400	14
173500	9
173600	14
173700	9
173800	7
173900	8
174000	7
174100	9
174200	10
174300	16
174400	13
174500	9
174600	7
174700	10
174800	15
174900	7
175000	15
175100	10
175200	13
175300	8
175400	11
175500	12
175600	11
175700	6
175800	13
175900	2
176000	16
176100	11
176200	7
176300	10
176400	13
176500	6
176600	19
176700	17
176800	14
176900	10
177000	12
177100	6
177200	6
177300	10
177400	16
177500	11
177600	5
177700	7
177800	8
177900	7
178000	8
178100	11
178200	13
178300	9
178400	11
178500	5
178600	15
178700	11
178800	14
178900	11
179000	9
179100	10
179200	15
179300	9
179400	10
179500	10
179600	13
179700	9
179800	11
179900	8
180000	7
180100	6
180200	12
180300	9
180400	12
180500	10
180600	10
180700	8
180800	8
180900	13
181000	8
181100	7
181200	8
181300	12
181400	16
181500	16
181600	7
181700	10
181800	10
181900	15
182000	5
182100	10
182200	7
182300	13
182400	13
182500	7
182600	13
182700	12
182800	7
182900	17
183000	7
183100	10
183200	6
183300	15
183400	9
183500	11
183600	8
183700	8
183800	11
183900	4
184000	12
184100	10
184200	10
184300	12
184400	8
184500	12
184600	11
184700	7
184800	11
184900	3
185000	12
185100	17
185200	8
185300	10
185400	8
185500	12
185600	11
185700	14
185800	7
185900	10
186000	7
186100	5
186200	10
186300	13
186400	5
186500	11
186600	11
186700	9
186800	12
186900	14
187000	10
187100	4
187200	6
187300	9
187400	10
187500	9
187600	9
187700	11
187800	9
187900	10
188000	14
188100	5
188200	8
188300	10
188400	11
188500	13
188600	10
188700	12
188800	13
188900	10
189000	12
189100	17
189200	6
189300	5
189400	7
189500	6
189600	8
189700	7
189800	5
189900	4
190000	10
190100	10
190200	11
190300	9
190400	13
190500	7
190600	7
190700	9
190800	9
190900	9
191000	7
191100	5
191200	11
191300	7
191400	10
191500	8
191600	5
191700	14
191800	12
191900	12
192000	10
192100	9
192200	9
192300	9
192400	4
192500	9
192600	12
192700	16
192800	7
192900	17
193000	9
193100	10
193200	7
193300	9
193400	9
193500	10
193600	7
193700	13
193800	7
193900	14
194000	9
194100	5
194200	10
194300	9
194400	7
194500	12
194600	6
194700	7
194800	10
194900	9
195000	12
195100	5
195200	5
195300	6
195400	4
195500	6
195600	10
195700	8
195800	9
195900	11
196000	9
196100	12
196200	8
196300	4
196400	8
196500	6
196600	13
196700	14
196800	6
196900	6
197000	8
197100	9
197200	7
197300	6
197400	7
197500	5
197600	8
197700	15
197800	9
197900	6
198000	7
198100	3
198200	14
198300	5
198400	6
198500	8
198600	8
198700	9
198800	8
198900	11
199000	6
199100	7
199200	6
199300	9
199400	9
199500	5
199600	6
199700	9
199800	7
199900	8
